0.2 6 559.692701111111
0.2 8 560.086523333333
0.2 10 561.941653333333
0.2 12 565.304865555556
0.2 14 567.809667777778
0.2 16 567.842594444444
0.3 6 637.698707777778
0.3 8 637.231907777778
0.3 10 640.18244
0.3 12 649.528856666667
0.3 14 654.789878888889
0.3 16 654.184723333333
0.4 6 702.626706666667
0.4 8 701.99656
0.4 10 702.417456666667
0.4 12 717.289721111111
0.4 14 727.956656666667
0.4 16 727.125923333333
0.5 6 769.461834444444
0.5 8 768.974147777778
0.5 10 770.126015555556
0.5 12 789.234233333333
0.5 14 807.353267777778
0.5 16 805.540107777778
0.6 6 857.79677
0.6 8 856.588107777778
0.6 10 859.718114444445
0.6 12 885.38368
0.6 14 912.018445555556
0.6 16 909.670808888889
0.7 6 954.694924444444
0.7 8 953.760533333333
0.7 10 957.903523333333
0.7 12 993.712345555556
0.7 14 1028.07172777778
0.7 16 1025.16425222222
0.8 6 1059.29206222222
0.8 8 1057.35022
0.8 10 1064.06264444444
0.8 12 1107.26102777778
0.8 14 1157.89905777778
0.8 16 1149.22636777778
0.9 6 1219.86957555556
0.9 8 1216.77878333333
0.9 10 1223.08617333333
0.9 12 1276.47530888889
0.9 14 1346.282
0.9 16 1341.32817888889
1 6 1404.53513
1 8 1402.09516555556
1 10 1419.42878222222
1 12 1494.29687444444
1 14 1572.74890444444
1 16 1565.14748
1.1 6 1628.65706888889
1.1 8 1624.31373222222
1.1 10 1631.39658333333
1.1 12 1728.17425444444
1.1 14 1837.89860555556
1.1 16 1821.27440444444
1.2 6 1892.30267222222
1.2 8 1888.49247
1.2 10 1900.61996444444
1.2 12 2013.42737
1.2 14 2142.84060777778
1.2 16 2129.96433444444
1.3 6 2093.10172111111
1.3 8 2086.24855444444
1.3 10 2097.74041333333
1.3 12 2245.19131333333
1.3 14 2415.23530777778
1.3 16 2400.81608333333
1.4 6 2333.01528333333
1.4 8 2324.31821555556
1.4 10 2337.67810555556
1.4 12 2524.30792444444
1.4 14 2715.17437333333
1.4 16 2700.02317777778
1.5 6 2921.77903888889
1.5 8 2906.61718888889
1.5 10 2926.86340222222
1.5 12 3130.11916555556
1.5 14 3414.98559777778
1.5 16 3406.56867222222
1.6 6 2998.16475444444
1.6 8 2986.22144666667
1.6 10 3002.63706
1.6 12 3218.17935111111
1.6 14 3538.2726
1.6 16 3514.76396111111
