"6" "8" "10" "12" "14" "16" "18" "20"
"1" 2.8435669949956e-05 0.000117019795582707 0.00047682411887429 0.001961205078125 0.00912391015625 0.0394034453125 0 0
"2" 1.19522295673077e-05 5.21348511153199e-05 0.000192826144145448 0.000876189887152778 0.00412237630208333 0.01787028515625 0.2099860859375 1.10022615625
"3" 7.1542695245267e-06 3.15723688389228e-05 0.000116848302396617 0.000546831492456896 0.002456701171875 0.010654689453125 0.15513503515625 0.7988085
"4" 5.01775877566677e-06 2.21207881401138e-05 8.19806332236842e-05 0.000379817358993902 0.00172568717447917 0.0074084375 0.12463515625 0.6502083984375
"5" 3.86248369999754e-06 1.70450289542215e-05 6.33827487244898e-05 0.000281216193181818 0.0013109365234375 0.00568658268229167 0.105538375 0.57890287109375
"6" 3.11279541357901e-06 1.28333258840212e-05 4.80371455439815e-05 0.000216351345486111 0.000994166341145833 0.00425209895833333 0.05561179296875 0.2846643828125
"7" 2.5953871159626e-06 1.14519908345615e-05 4.26977163461538e-05 0.000179934429088145 0.000874571908190359 0.00379120234375 0.092981375 0.50638976953125
"8" 2.22462922212681e-06 9.7848747134617e-06 3.6532333846831e-05 0.000154607206064356 0.000750060491071429 0.00328603125 0.0860715078125 0.484794234375
"9" 1.80711108245176e-06 7.98720331770298e-06 2.97164196940727e-05 0.000126174574441057 0.000612515625 0.002648908203125 0.03128580859375 0.169282421875
"10" 1.59222038884052e-06 7.02066395663957e-06 2.6042111599665e-05 0.000109731238996479 0.000536286637931034 0.00251476432291667 0.03640037890625 0.19331340234375
"11" 1.46289935554513e-06 6.45525656665282e-06 2.39650607638889e-05 0.000100316842696114 0.000492554742628528 0.00211932366071429 0.0468127734375 0.25833043359375
"12" 1.3042276711703e-06 5.75434879442799e-06 2.16633655520842e-05 9.77329962595036e-05 0.000445676923581933 0.001919369140625 0.036438453125 0.194662359375
"13" 1.29111393012874e-06 5.66279883879781e-06 2.11671103365563e-05 8.79090145446119e-05 0.000431773220486111 0.00188835367838542 0.07050841796875 0.41185886328125
"14" 1.09834818589698e-06 4.83656950062228e-06 1.79298677191465e-05 7.75011854788557e-05 0.000366422526041667 0.00157734609375 0.02384969921875 0.1344352421875
"15" 1.04630154534886e-06 4.59936783468935e-06 1.71086487555005e-05 7.3287883254717e-05 0.000346940277777778 0.00149893995028409 0.03281360546875 0.1902905859375
